<?xml version="1.0" encoding="utf-8"?>
<COLLADA xmlns="http://www.collada.org/2005/11/COLLADASchema" version="1.4.1">
  <asset><contributor><author>Mixamo</author><authoring_tool>COLLADA Mixamo exporter</authoring_tool><comments></comments></contributor><created>2020-04-13T16:25:58Z</created><modified>2020-04-13T16:25:58Z</modified><revision></revision><title></title><unit meter="0.010000"/><up_axis>Y_UP</up_axis></asset>
  <library_animations>
    <animation id="mixamorig_Hips-anim" name="mixamorig_Hips"><source id="mixamorig_Hips-Matrix-animation-input"><float_array id="mixamorig_Hips-Matrix-animation-input-array" count="104">

0.000000 0.033333 0.066667 0.100000 0.133333 0.166667 0.200000 0.233333 0.266667 0.300000 0.333333 0.366667 0.400000 0.433333 0.466667 0.500000
0.533333 0.566667 0.600000 0.633333 0.666667 0.700000 0.733333 0.766667 0.800000 0.833333 0.866667 0.900000 0.933333 0.966667 1.000000 1.033333
1.066667 1.100000 1.133333 1.166667 1.200000 1.233333 1.266667 1.300000 1.333333 1.366667 1.400000 1.433333 1.466667 1.500000 1.533333 1.566667
1.600000 1.633333 1.666667 1.700000 1.733333 1.766667 1.800000 1.833333 1.866667 1.900000 1.933333 1.966667 2.000000 2.033333 2.066667 2.100000
2.133333 2.166667 2.200000 2.233333 2.266667 2.300000 2.333333 2.366667 2.400000 2.433333 2.466667 2.500000 2.533333 2.566667 2.600000 2.633333
2.666667 2.700000 2.733333 2.766667 2.800000 2.833333 2.866667 2.900000 2.933333 2.966667 3.000000 3.033333 3.066667 3.100000 3.133333 3.166667
3.200000 3.233333 3.266667 3.300000 3.333333 3.366667 3.400000 3.433333</float_array><technique_common><accessor source="#mixamorig_Hips-Matrix-animation-input-array" count="104"><param name="TIME" type="float"/></accessor></technique_common></source><source id="mixamorig_Hips-Matrix-animation-output-transform"><float_array id="mixamorig_Hips-Matrix-animation-output-transform-array" count="1664">

0.938212 0.070217 0.338862 -6.139671 0.050578 0.940861 -0.334995 8.022628 -0.342345 0.331435 0.879176 -0.646261 0.000000 0.000000 0.000000 1.000000
0.919383 0.102579 0.379754 -6.184038 0.028517 0.945479 -0.324432 8.084225 -0.392329 0.309106 0.866332 -0.768170 0.000000 0.000000 0.000000 1.000000
0.898728 0.130457 0.418652 -6.220006 0.007735 0.949856 -0.312592 8.123901 -0.438439 0.284173 0.852653 -0.897111 0.000000 0.000000 0.000000 1.000000
0.877512 0.152399 0.454695 -6.254394 -0.010698 0.954146 -0.299151 8.134636 -0.479436 0.257644 0.838904 -1.030959 0.000000 0.000000 0.000000 1.000000
0.857919 0.165681 0.486338 -6.293632 -0.024218 0.958567 -0.283834 8.114768 -0.513214 0.231729 0.826386 -1.171717 0.000000 0.000000 0.000000 1.000000
0.841412 0.168574 0.513428 -6.335499 -0.030449 0.963380 -0.266406 8.061354 -0.539535 0.208524 0.815733 -1.333438 0.000000 0.000000 0.000000 1.000000
0.828220 0.161356 0.536670 -6.370683 -0.031371 0.969499 -0.243078 7.972445 -0.559524 0.184487 0.808021 -1.536471 0.000000 0.000000 0.000000 1.000000
0.819397 0.143437 0.554991 -6.398125 -0.030328 0.977679 -0.207905 7.853714 -0.572424 0.153525 0.805457 -1.782422 0.000000 0.000000 0.000000 1.000000
0.816113 0.116161 0.566097 -6.424586 -0.030102 0.986805 -0.159092 7.713669 -0.577107 0.112797 0.808841 -2.036259 0.000000 0.000000 0.000000 1.000000
0.822532 0.083137 0.562609 -6.446563 -0.032066 0.994463 -0.100072 7.563410 -0.567814 0.064272 0.820644 -2.252061 0.000000 0.000000 0.000000 1.000000
0.837120 0.059029 0.543825 -6.446157 -0.039216 0.998079 -0.047971 7.419968 -0.545611 0.018831 0.837827 -2.405207 0.000000 0.000000 0.000000 1.000000
0.852347 0.051082 0.520476 -6.414813 -0.052036 0.998563 -0.012789 7.300483 -0.520382 -0.016183 0.853780 -2.503238 0.000000 0.000000 0.000000 1.000000
0.863638 0.058390 0.500719 -6.343305 -0.068346 0.997661 0.001543 7.229816 -0.499458 -0.035555 0.865608 -2.531917 0.000000 0.000000 0.000000 1.000000
0.870395 0.077489 0.486218 -6.271984 -0.085893 0.996292 -0.005020 7.213865 -0.484804 -0.037393 0.873823 -2.515061 0.000000 0.000000 0.000000 1.000000
0.873563 0.105888 0.475053 -6.122235 -0.103306 0.994147 -0.031626 7.235008 -0.475621 -0.021448 0.879389 -2.373903 0.000000 0.000000 0.000000 1.000000
0.873426 0.141463 0.465956 -5.964863 -0.119784 0.989887 -0.075994 7.295506 -0.471994 0.010561 0.881538 -2.156731 0.000000 0.000000 0.000000 1.000000
0.871388 0.177632 0.457308 -5.705086 -0.130938 0.982543 -0.132152 7.373472 -0.472799 0.055277 0.879435 -1.827708 0.000000 0.000000 0.000000 1.000000
0.870098 0.205128 0.448164 -5.399984 -0.131178 0.972862 -0.190607 7.461405 -0.475101 0.107057 0.873394 -1.455992 0.000000 0.000000 0.000000 1.000000
0.871933 0.216347 0.439234 -5.072617 -0.117407 0.963295 -0.241409 7.544055 -0.475340 0.158923 0.865329 -1.084838 0.000000 0.000000 0.000000 1.000000
0.877570 0.210376 0.430828 -4.735182 -0.093208 0.956306 -0.277113 7.595638 -0.470301 0.203029 0.858834 -0.715885 0.000000 0.000000 0.000000 1.000000
0.885657 0.194339 0.421715 -4.399985 -0.069197 0.953301 -0.293987 7.627862 -0.459154 0.231190 0.857746 -0.429297 0.000000 0.000000 0.000000 1.000000
0.894881 0.175937 0.410164 -4.137227 -0.053423 0.954640 -0.292931 7.658070 -0.443097 0.240226 0.863688 -0.117865 0.000000 0.000000 0.000000 1.000000
0.904292 0.159327 0.396069 -3.858153 -0.046003 0.958713 -0.280630 7.705326 -0.424428 0.235551 0.874286 0.064488 0.000000 0.000000 0.000000 1.000000
0.912195 0.144398 0.383470 -3.630028 -0.040304 0.962930 -0.266723 7.753053 -0.407769 0.227848 0.884200 0.259562 0.000000 0.000000 0.000000 1.000000
0.916580 0.129667 0.378242 -3.420144 -0.030820 0.966055 -0.256492 7.788970 -0.398661 0.223438 0.889463 0.434087 0.000000 0.000000 0.000000 1.000000
0.917482 0.114807 0.380850 -3.224284 -0.018501 0.968724 -0.247451 7.812422 -0.397348 0.219986 0.890910 0.546517 0.000000 0.000000 0.000000 1.000000
0.918428 0.098469 0.383137 -3.037832 -0.006426 0.972110 -0.234437 7.820567 -0.395536 0.212851 0.893446 0.662959 0.000000 0.000000 0.000000 1.000000
0.923667 0.079619 0.374833 -2.857683 0.003926 0.976159 -0.217023 7.822422 -0.383176 0.201929 0.901333 0.734809 0.000000 0.000000 0.000000 1.000000
0.932932 0.061836 0.354704 -2.687654 0.011503 0.979520 -0.201018 7.802114 -0.359870 0.191616 0.913114 0.812255 0.000000 0.000000 0.000000 1.000000
0.940967 0.050126 0.334767 -2.497575 0.016379 0.981074 -0.192941 7.756866 -0.338102 0.187034 0.922337 0.854235 0.000000 0.000000 0.000000 1.000000
0.942756 0.046324 0.330250 -2.287704 0.019724 0.980826 -0.193886 7.690130 -0.332899 0.189302 0.923766 0.899826 0.000000 0.000000 0.000000 1.000000
0.937063 0.050048 0.345555 -2.041890 0.020912 0.979853 -0.198624 7.620183 -0.348533 0.193349 0.917137 0.878763 0.000000 0.000000 0.000000 1.000000
0.926676 0.063694 0.370424 -1.753947 0.012512 0.979763 -0.199770 7.528892 -0.375652 0.189756 0.907126 0.936219 0.000000 0.000000 0.000000 1.000000
0.916311 0.084105 0.391537 -1.387796 -0.007124 0.980967 -0.194046 7.450305 -0.400405 0.175017 0.899469 0.924565 0.000000 0.000000 0.000000 1.000000
0.910990 0.106304 0.398492 -0.958434 -0.032474 0.981700 -0.187645 7.410187 -0.411147 0.158002 0.897771 0.869523 0.000000 0.000000 0.000000 1.000000
0.914771 0.127641 0.383278 -0.468594 -0.055347 0.979424 -0.194077 7.411790 -0.400164 0.156323 0.903013 0.803394 0.000000 0.000000 0.000000 1.000000
0.928419 0.145291 0.341949 0.132968 -0.070437 0.972506 -0.221969 7.438538 -0.364798 0.181995 0.913127 0.660565 0.000000 0.000000 0.000000 1.000000
0.947008 0.154262 0.281744 0.753340 -0.078448 0.961645 -0.262841 7.454765 -0.311484 0.226810 0.922787 0.509019 0.000000 0.000000 0.000000 1.000000
0.962642 0.154018 0.222710 1.361163 -0.084372 0.952143 -0.293776 7.426317 -0.257298 0.264011 0.929568 0.400165 0.000000 0.000000 0.000000 1.000000
0.971477 0.149728 0.183887 1.931585 -0.090279 0.950582 -0.297057 7.386030 -0.219277 0.271983 0.936986 0.287906 0.000000 0.000000 0.000000 1.000000
0.975566 0.143511 0.166361 2.433315 -0.093386 0.956242 -0.277272 7.349216 -0.198873 0.254962 0.946279 0.157779 0.000000 0.000000 0.000000 1.000000
0.978364 0.141091 0.151316 2.851638 -0.099112 0.961630 -0.255820 7.332341 -0.181604 0.235288 0.954808 0.069790 0.000000 0.000000 0.000000 1.000000
0.981911 0.140731 0.126674 3.225187 -0.105668 0.962426 -0.250139 7.320962 -0.157117 0.232229 0.959887 0.006014 0.000000 0.000000 0.000000 1.000000
0.985778 0.142125 0.089681 3.544768 -0.114508 0.958644 -0.260557 7.332828 -0.123004 0.246582 0.961284 -0.073305 0.000000 0.000000 0.000000 1.000000
0.988863 0.142081 0.044307 3.787795 -0.124499 0.952821 -0.276827 7.365485 -0.081548 0.268227 0.959898 -0.144267 0.000000 0.000000 0.000000 1.000000
0.990672 0.136165 -0.005326 4.020926 -0.131868 0.948090 -0.289373 7.419398 -0.034353 0.287376 0.957202 -0.220869 0.000000 0.000000 0.000000 1.000000
0.991109 0.120517 -0.056384 4.203896 -0.131852 0.946440 -0.294732 7.493583 0.017844 0.299546 0.953915 -0.293024 0.000000 0.000000 0.000000 1.000000
0.989663 0.095347 -0.107125 4.359696 -0.123319 0.947100 -0.296300 7.577307 0.073207 0.306448 0.949068 -0.392296 0.000000 0.000000 0.000000 1.000000
0.985498 0.066700 -0.156030 4.496935 -0.111808 0.946921 -0.301396 7.658067 0.127645 0.314471 0.940646 -0.522751 0.000000 0.000000 0.000000 1.000000
0.978713 0.039006 -0.201492 4.617158 -0.102405 0.943638 -0.314740 7.722514 0.177858 0.328674 0.927545 -0.668408 0.000000 0.000000 0.000000 1.000000
0.970114 0.011997 -0.242353 4.724844 -0.095107 0.937660 -0.334289 7.769880 0.223234 0.347348 0.910778 -0.836600 0.000000 0.000000 0.000000 1.000000
0.960497 -0.016752 -0.277785 4.836864 -0.086255 0.931109 -0.354396 7.806272 0.264585 0.364357 0.892882 -1.027943 0.000000 0.000000 0.000000 1.000000
0.950136 -0.049152 -0.307938 4.976320 -0.072287 0.925884 -0.370828 7.830537 0.303342 0.374597 0.876163 -1.225368 0.000000 0.000000 0.000000 1.000000
0.939100 -0.082187 -0.333672 5.113429 -0.054724 0.922822 -0.381319 7.843927 0.339260 0.376356 0.862124 -1.439767 0.000000 0.000000 0.000000 1.000000
0.927970 -0.111284 -0.355650 5.286474 -0.036545 0.922594 -0.384038 7.827214 0.370858 0.369373 0.852073 -1.653684 0.000000 0.000000 0.000000 1.000000
0.919440 -0.128598 -0.371608 5.436876 -0.023483 0.925371 -0.378334 7.787660 0.392528 0.356582 0.847804 -1.903187 0.000000 0.000000 0.000000 1.000000
0.914065 -0.139912 -0.380669 5.632985 -0.009336 0.931103 -0.364638 7.697723 0.405459 0.336857 0.849782 -2.168148 0.000000 0.000000 0.000000 1.000000
0.912119 -0.145285 -0.383317 5.812192 0.005940 0.939673 -0.342021 7.557896 0.409883 0.309687 0.857957 -2.443568 0.000000 0.000000 0.000000 1.000000
0.912690 -0.143039 -0.382802 5.993589 0.019940 0.951213 -0.307891 7.389409 0.408167 0.273376 0.871014 -2.731982 0.000000 0.000000 0.000000 1.000000
0.915738 -0.129039 -0.380491 6.176675 0.026346 0.964269 -0.263612 7.207493 0.400912 0.231375 0.886417 -3.005507 0.000000 0.000000 0.000000 1.000000
0.920721 -0.105436 -0.375707 6.330392 0.022675 0.975634 -0.218229 7.032810 0.389562 0.192409 0.900678 -3.230957 0.000000 0.000000 0.000000 1.000000
0.925774 -0.081137 -0.369268 6.423857 0.012907 0.982914 -0.183611 6.887073 0.377857 0.165216 0.911004 -3.394510 0.000000 0.000000 0.000000 1.000000
0.928580 -0.066107 -0.365198 6.442340 0.004570 0.985971 -0.166857 6.787883 0.371105 0.153271 0.915854 -3.471258 0.000000 0.000000 0.000000 1.000000
0.927603 -0.067402 -0.367437 6.405831 0.004610 0.985579 -0.169156 6.756406 0.373539 0.155216 0.914536 -3.459746 0.000000 0.000000 0.000000 1.000000
0.922818 -0.087031 -0.375277 6.307954 0.015535 0.981762 -0.189480 6.802686 0.384923 0.169026 0.907339 -3.354403 0.000000 0.000000 0.000000 1.000000
0.915702 -0.119125 -0.383795 6.119320 0.032226 0.973745 -0.225349 6.915706 0.400563 0.193984 0.895500 -3.180016 0.000000 0.000000 0.000000 1.000000
0.908922 -0.151095 -0.388627 5.893081 0.044413 0.961815 -0.270074 7.062820 0.414594 0.228216 0.880925 -2.906815 0.000000 0.000000 0.000000 1.000000
0.905089 -0.171241 -0.389218 5.614738 0.045004 0.948764 -0.312765 7.220223 0.422834 0.265564 0.866422 -2.617872 0.000000 0.000000 0.000000 1.000000
0.905425 -0.175204 -0.386663 5.298612 0.035230 0.938726 -0.342859 7.353025 0.423041 0.296811 0.856119 -2.304838 0.000000 0.000000 0.000000 1.000000
0.909547 -0.166047 -0.380988 5.011262 0.021996 0.934666 -0.354847 7.466107 0.415018 0.314370 0.853775 -2.011729 0.000000 0.000000 0.000000 1.000000
0.917135 -0.148619 -0.369832 4.730677 0.010601 0.936649 -0.350109 7.528784 0.398435 0.317176 0.860609 -1.728243 0.000000 0.000000 0.000000 1.000000
0.926920 -0.125731 -0.353569 4.463171 -0.000494 0.941790 -0.336202 7.584557 0.375259 0.311807 0.872901 -1.479484 0.000000 0.000000 0.000000 1.000000
0.937144 -0.100764 -0.334078 4.231239 -0.013453 0.946254 -0.323145 7.630007 0.348684 0.307328 0.885420 -1.254791 0.000000 0.000000 0.000000 1.000000
0.945633 -0.075476 -0.316356 4.018646 -0.030385 0.947944 -0.316985 7.660966 0.323812 0.309364 0.894114 -1.065136 0.000000 0.000000 0.000000 1.000000
0.951052 -0.050004 -0.304958 3.832067 -0.051342 0.947541 -0.315485 7.676196 0.304736 0.315700 0.898593 -0.920985 0.000000 0.000000 0.000000 1.000000
0.953565 -0.022813 -0.300321 3.661336 -0.075529 0.947153 -0.311764 7.678766 0.291562 0.319971 0.901449 -0.805702 0.000000 0.000000 0.000000 1.000000
0.954309 0.008065 -0.298712 3.481278 -0.102667 0.947633 -0.302409 7.686178 0.280631 0.319260 0.905163 -0.713167 0.000000 0.000000 0.000000 1.000000
0.954865 0.041028 -0.294192 3.309552 -0.130338 0.947849 -0.290852 7.696510 0.266916 0.316069 0.910415 -0.612724 0.000000 0.000000 0.000000 1.000000
0.956957 0.070244 -0.281600 3.133380 -0.152938 0.946674 -0.283582 7.700266 0.246664 0.314443 0.916669 -0.523152 0.000000 0.000000 0.000000 1.000000
0.961534 0.089206 -0.259798 2.972151 -0.164496 0.944451 -0.284521 7.678278 0.219985 0.316313 0.922796 -0.458695 0.000000 0.000000 0.000000 1.000000
0.967969 0.094021 -0.232800 2.764625 -0.161838 0.942550 -0.292245 7.619139 0.191948 0.320560 0.927576 -0.409919 0.000000 0.000000 0.000000 1.000000
0.973926 0.087246 -0.209417 2.498604 -0.149003 0.942078 -0.300477 7.531037 0.171072 0.323846 0.930515 -0.364443 0.000000 0.000000 0.000000 1.000000
0.977336 0.074536 -0.198138 2.177891 -0.133143 0.944097 -0.301586 7.425449 0.164582 0.321131 0.932624 -0.308533 0.000000 0.000000 0.000000 1.000000
0.976896 0.064622 -0.203709 1.818951 -0.123306 0.948963 -0.290284 7.316880 0.174554 0.308696 0.935007 -0.237896 0.000000 0.000000 0.000000 1.000000
0.974569 0.055098 -0.217209 1.400364 -0.113591 0.957006 -0.266902 7.204424 0.193165 0.284788 0.938927 -0.155287 0.000000 0.000000 0.000000 1.000000
0.973622 0.038357 -0.224919 0.928328 -0.093167 0.966677 -0.238443 7.106184 0.208278 0.253109 0.944752 -0.083372 0.000000 0.000000 0.000000 1.000000
0.976348 0.006357 -0.216110 0.396168 -0.054825 0.974175 -0.219037 7.041727 0.209136 0.225704 0.951483 -0.039540 0.000000 0.000000 0.000000 1.000000
0.981429 -0.037867 -0.188053 -0.208458 -0.005080 0.974848 -0.222815 7.036853 0.191760 0.219632 0.956551 -0.041205 0.000000 0.000000 0.000000 1.000000
0.986636 -0.078411 -0.142835 -0.901093 0.040652 0.967333 -0.250229 7.082523 0.157790 0.241079 0.957593 -0.016220 0.000000 0.000000 0.000000 1.000000
0.991254 -0.100754 -0.085232 -1.599216 0.072627 0.955733 -0.285130 7.161994 0.110187 0.276446 0.954692 0.004593 0.000000 0.000000 0.000000 1.000000
0.994202 -0.104414 -0.025691 -2.250999 0.091296 0.945898 -0.311357 7.246305 0.056811 0.307206 0.949946 -0.013956 0.000000 0.000000 0.000000 1.000000
0.994448 -0.102818 0.022394 -2.907632 0.104470 0.939136 -0.327275 7.293565 0.012619 0.327798 0.944664 -0.022997 0.000000 0.000000 0.000000 1.000000
0.993791 -0.101244 0.046151 -3.473358 0.110935 0.933587 -0.340747 7.351391 -0.008587 0.343750 0.939022 -0.047558 0.000000 0.000000 0.000000 1.000000
0.993717 -0.100683 0.048880 -3.985508 0.111503 0.928306 -0.354704 7.412126 -0.009663 0.357926 0.933700 -0.084558 0.000000 0.000000 0.000000 1.000000
0.993925 -0.099047 0.047992 -4.437826 0.109758 0.924333 -0.365462 7.476499 -0.008163 0.368509 0.929588 -0.120191 0.000000 0.000000 0.000000 1.000000
0.993736 -0.094394 0.059821 -4.804284 0.109934 0.921904 -0.371495 7.547835 -0.020082 0.375744 0.926506 -0.147989 0.000000 0.000000 0.000000 1.000000
0.992515 -0.087087 0.085615 -5.091219 0.113167 0.919386 -0.376726 7.630649 -0.045905 0.383595 0.922360 -0.163447 0.000000 0.000000 0.000000 1.000000
0.990539 -0.077200 0.113455 -5.326528 0.114998 0.918102 -0.379294 7.717789 -0.074882 0.388753 0.918294 -0.175721 0.000000 0.000000 0.000000 1.000000
0.987816 -0.063844 0.141931 -5.529976 0.113535 0.919382 -0.376625 7.791736 -0.106443 0.388151 0.915428 -0.202296 0.000000 0.000000 0.000000 1.000000
0.983595 -0.045277 0.174614 -5.709437 0.108308 0.922319 -0.370940 7.840375 -0.144255 0.383767 0.912093 -0.255131 0.000000 0.000000 0.000000 1.000000
0.976788 -0.022307 0.213043 -5.865253 0.100362 0.926304 -0.363164 7.872450 -0.189242 0.376115 0.907042 -0.332035 0.000000 0.000000 0.000000 1.000000
0.966937 0.005418 0.254957 -5.990597 0.088197 0.930973 -0.354274 7.907197 -0.239278 0.365048 0.899715 -0.425830 0.000000 0.000000 0.000000 1.000000
0.954141 0.036720 0.297097 -6.079691 0.071361 0.935939 -0.344856 7.957715 -0.290728 0.350242 0.890398 -0.531235 0.000000 0.000000 0.000000 1.000000
0.938212 0.070217 0.338862 -6.139671 0.050578 0.940861 -0.334995 8.022629 -0.342344 0.331435 0.879176 -0.646260 0.000000 0.000000 0.000000 1.000000</float_array><technique_common><accessor source="#mixamorig_Hips-Matrix-animation-output-transform-array" count="104" stride="16"><param type="float4x4"/></accessor></technique_common></source><source id="mixamorig_Hips-Interpolations"><Name_array id="mixamorig_Hips-Interpolations-array" count="104">
 LINEAR LINEAR LINEAR LINEAR LINEAR LINEAR LINEAR LINEAR LINEAR LINEAR LINEAR
LINEAR LINEAR LINEAR LINEAR LINEAR LINEAR LINEAR LINEAR LINEAR LINEAR LINEAR LINEAR
LINEAR LINEAR LINEAR LINEAR LINEAR LINEAR LINEAR LINEAR LINEAR LINEAR LINEAR LINEAR
LINEAR LINEAR LINEAR LINEAR LINEAR LINEAR LINEAR LINEAR LINEAR LINEAR LINEAR LINEAR
LINEAR LINEAR LINEAR LINEAR LINEAR LINEAR LINEAR LINEAR LINEAR LINEAR LINEAR LINEAR
LINEAR LINEAR LINEAR LINEAR LINEAR LINEAR LINEAR LINEAR LINEAR LINEAR LINEAR LINEAR
LINEAR LINEAR LINEAR LINEAR LINEAR LINEAR LINEAR LINEAR LINEAR LINEAR LINEAR LINEAR
LINEAR LINEAR LINEAR LINEAR LINEAR LINEAR LINEAR LINEAR LINEAR LINEAR LINEAR LINEAR
LINEAR LINEAR LINEAR LINEAR LINEAR LINEAR LINEAR LINEAR LINEAR</Name_array><technique_common><accessor source="#mixamorig_Hips-Interpolations-array" count="104"><param type="name"/></accessor></technique_common></source><sampler id="mixamorig_Hips-Matrix-animation-transform"><input semantic="INPUT" source="#mixamorig_Hips-Matrix-animation-input"/><input semantic="OUTPUT" source="#mixamorig_Hips-Matrix-animation-output-transform"/><input semantic="INTERPOLATION" source="#mixamorig_Hips-Interpolations"/></sampler><channel source="#mixamorig_Hips-Matrix-animation-transform" target="mixamorig_Hips/matrix"/></animation>
    <animation id="mixamorig_Spine-anim" name="mixamorig_Spine"><source id="mixamorig_Spine-Matrix-animation-input"><float_array id="mixamorig_Spine-Matrix-animation-input-array" count="104">

0.000000 0.033333 0.066667 0.100000 0.133333 0.166667 0.200000 0.233333 0.266667 0.300000 0.333333 0.366667 0.400000 0.433333 0.466667 0.500000
0.533333 0.566667 0.600000 0.633333 0.666667 0.700000 0.733333 0.766667 0.800000 0.833333 0.866667 0.900000 0.933333 0.966667 1.000000 1.033333
1.066667 1.100000 1.133333 1.166667 1.200000 1.233333 1.266667 1.300000 1.333333 1.366667 1.400000 1.433333 1.466667 1.500000 1.533333 1.566667
1.600000 1.633333 1.666667 1.700000 1.733333 1.766667 1.800000 1.833333 1.866667 1.900000 1.933333 1.966667 2.000000 2.033333 2.066667 2.100000
2.133333 2.166667 2.200000 2.233333 2.266667 2.300000 2.333333 2.366667 2.400000 2.433333 2.466667 2.500000 2.533333 2.566667 2.600000 2.633333
2.666667 2.700000 2.733333 2.766667 2.800000 2.833333 2.866667 2.900000 2.933333 2.966667 3.000000 3.033333 3.066667 3.100000 3.133333 3.166667
3.200000 3.233333 3.266667 3.300000 3.333333 3.366667 3.400000 3.433333</float_array><technique_common><accessor source="#mixamorig_Spine-Matrix-animation-input-array" count="104"><param name="TIME" type="float"/></accessor></technique_common></source><source id="mixamorig_Spine-Matrix-animation-output-transform"><float_array id="mixamorig_Spine-Matrix-animation-output-transform-array" count="1664">

0.967761 -0.141739 -0.208202 -0.000000 0.074783 0.951052 -0.299847 0.809000 0.240511 0.274610 0.930991 -0.048400 0.000000 0.000000 0.000000 1.000000
0.960167 -0.159683 -0.229306 -0.000000 0.093440 0.956869 -0.275081 0.809000 0.263342 0.242698 0.933675 -0.048400 0.000000 0.000000 0.000000 1.000000
0.950866 -0.173602 -0.256352 0.000000 0.108887 0.962621 -0.248001 0.809000 0.289823 0.207902 0.934227 -0.048400 0.000000 0.000000 0.000000 1.000000
0.940180 -0.181141 -0.288530 0.000000 0.118902 0.968144 -0.220363 0.809000 0.319255 0.172874 0.931768 -0.048400 0.000000 0.000000 0.000000 1.000000
0.931462 -0.179251 -0.316618 -0.000000 0.118033 0.972025 -0.203064 0.809000 0.344160 0.151775 0.926562 -0.048400 0.000000 0.000000 0.000000 1.000000
0.928275 -0.170437 -0.330540 0.000000 0.105504 0.972974 -0.205404 0.809000 0.356615 0.155798 0.921169 -0.048400 0.000000 0.000000 0.000000 1.000000
0.929006 -0.162129 -0.332659 0.000000 0.087425 0.969629 -0.228422 0.809000 0.359589 0.183123 0.914965 -0.048400 0.000000 0.000000 0.000000 1.000000
0.932725 -0.153907 -0.326094 0.000000 0.062874 0.959898 -0.273207 0.809000 0.355065 0.234324 0.904998 -0.048400 0.000000 0.000000 0.000000 1.000000
0.939798 -0.138673 -0.312330 0.000000 0.028058 0.942191 -0.333899 0.809000 0.340577 0.305034 0.889360 -0.048400 0.000000 0.000000 0.000000 1.000000
0.950128 -0.114668 -0.290014 -0.000000 -0.012108 0.915683 -0.401718 0.809000 0.311626 0.385195 0.868628 -0.048400 0.000000 0.000000 0.000000 1.000000
0.960399 -0.094784 -0.262009 0.000000 -0.039421 0.884677 -0.464536 0.809000 0.275824 0.456468 0.845906 -0.048400 0.000000 0.000000 0.000000 1.000000
0.967112 -0.089498 -0.238085 0.000000 -0.047163 0.856719 -0.513622 0.809000 0.249940 0.507959 0.824323 -0.048400 0.000000 0.000000 0.000000 1.000000
0.968758 -0.096408 -0.228504 -0.000000 -0.044169 0.839557 -0.541473 0.809000 0.244044 0.534649 0.809069 -0.048400 0.000000 0.000000 0.000000 1.000000
0.965635 -0.108235 -0.236294 0.000000 -0.039147 0.838221 -0.543924 0.809000 0.256938 0.534482 0.805178 -0.048400 0.000000 0.000000 0.000000 1.000000
0.958941 -0.125990 -0.254086 0.000000 -0.027204 0.850913 -0.524601 0.809000 0.282299 0.509974 0.812548 -0.048400 0.000000 0.000000 0.000000 1.000000
0.950509 -0.154753 -0.269416 -0.000000 0.001957 0.870096 -0.492878 0.809000 0.310692 0.467958 0.827337 -0.048400 0.000000 0.000000 0.000000 1.000000
0.941929 -0.191813 -0.275640 0.000000 0.047352 0.888481 -0.456463 0.809000 0.332457 0.416904 0.845969 -0.048400 0.000000 0.000000 0.000000 1.000000
0.933971 -0.225372 -0.277319 0.000000 0.093564 0.903199 -0.418901 0.809000 0.344883 0.365294 0.864648 -0.048400 0.000000 0.000000 0.000000 1.000000
0.927702 -0.243146 -0.283283 0.000000 0.123154 0.915662 -0.382619 0.809000 0.352423 0.320069 0.879405 -0.048400 0.000000 0.000000 0.000000 1.000000
0.924880 -0.243961 -0.291684 -0.000000 0.132938 0.926108 -0.353060 0.809000 0.356264 0.287762 0.888971 -0.048400 0.000000 0.000000 0.000000 1.000000
0.927300 -0.240134 -0.287141 -0.000000 0.135609 0.930510 -0.340238 0.809000 0.348890 0.276564 0.895426 -0.048400 0.000000 0.000000 0.000000 1.000000
0.935644 -0.242295 -0.256638 0.000000 0.143129 0.925137 -0.351619 0.809000 0.322621 0.292258 0.900278 -0.048400 0.000000 0.000000 0.000000 1.000000
0.946877 -0.248862 -0.203694 0.000000 0.157229 0.910760 -0.381832 0.809000 0.280540 0.329521 0.901506 -0.048400 0.000000 0.000000 0.000000 1.000000
0.956771 -0.250961 -0.146997 0.000000 0.170607 0.893604 -0.415168 0.809000 0.235548 0.372142 0.897790 -0.048400 0.000000 0.000000 0.000000 1.000000
0.963906 -0.245227 -0.103681 0.000000 0.176059 0.879208 -0.442716 0.809000 0.199723 0.408482 0.890647 -0.048400 0.000000 0.000000 0.000000 1.000000
0.969203 -0.234578 -0.074958 0.000000 0.173232 0.865768 -0.469507 0.809000 0.175032 0.442062 0.879741 -0.048400 0.000000 0.000000 0.000000 1.000000
0.974873 -0.217444 -0.048381 0.000000 0.164213 0.848248 -0.503497 0.809000 0.150522 0.482901 0.862641 -0.048400 0.000000 0.000000 0.000000 1.000000
0.982203 -0.187502 -0.011009 0.000000 0.151508 0.825569 -0.543581 0.809000 0.111011 0.532239 0.839285 -0.048400 0.000000 0.000000 0.000000 1.000000
0.988579 -0.145622 0.038800 0.000000 0.141029 0.803184 -0.578797 0.809000 0.053122 0.577659 0.814548 -0.048400 0.000000 0.000000 0.000000 1.000000
0.990563 -0.104450 0.088747 0.000000 0.136844 0.790079 -0.597536 0.809000 -0.007704 0.604041 0.796916 -0.048400 0.000000 0.000000 0.000000 1.000000
0.989377 -0.078530 0.122337 0.000000 0.136540 0.790845 -0.596592 0.809000 -0.049899 0.606958 0.793166 -0.048400 0.000000 0.000000 0.000000 1.000000
0.988631 -0.072917 0.131502 0.000000 0.136531 0.801726 -0.581889 0.809000 -0.062999 0.593227 0.802566 -0.048400 0.000000 0.000000 0.000000 1.000000
0.988774 -0.085530 0.122522 -0.000000 0.140318 0.813331 -0.564626 0.809000 -0.051358 0.575480 0.816202 -0.048400 0.000000 0.000000 0.000000 1.000000
0.988935 -0.108423 0.101254 0.000000 0.146665 0.817167 -0.557429 0.809000 -0.022303 0.566111 0.824027 -0.048400 0.000000 0.000000 0.000000 1.000000
0.988985 -0.130663 0.069547 0.000000 0.147040 0.813304 -0.562952 0.809000 0.016994 0.566977 0.823558 -0.048400 0.000000 0.000000 0.000000 1.000000
0.989861 -0.138815 0.030111 0.000000 0.131229 0.812587 -0.567874 0.809000 0.054362 0.566067 0.822565 -0.048400 0.000000 0.000000 0.000000 1.000000
0.992676 -0.120441 -0.009385 0.000000 0.094993 0.826202 -0.555307 0.809000 0.074636 0.550349 0.831592 -0.048400 0.000000 0.000000 0.000000 1.000000
0.996344 -0.075435 -0.040114 -0.000000 0.043184 0.849758 -0.525401 0.809000 0.073721 0.521748 0.849909 -0.048400 0.000000 0.000000 0.000000 1.000000
0.997948 -0.023844 -0.059421 -0.000000 -0.009332 0.863986 -0.503429 0.809000 0.063343 0.502951 0.861991 -0.048400 0.000000 0.000000 0.000000 1.000000
0.997275 0.009931 -0.073105 -0.000000 -0.046435 0.854491 -0.517387 0.809000 0.057329 0.519371 0.852623 -0.048400 0.000000 0.000000 0.000000 1.000000
0.995911 0.020858 -0.087898 -0.000000 -0.066895 0.824182 -0.562360 0.809000 0.060714 0.565940 0.822208 -0.048400 0.000000 0.000000 0.000000 1.000000
0.995066 0.019495 -0.097281 -0.000000 -0.074665 0.792833 -0.604848 0.809000 0.065336 0.609127 0.790377 -0.048400 0.000000 0.000000 0.000000 1.000000
0.994710 0.021964 -0.100351 0.000000 -0.079720 0.781151 -0.619232 0.809000 0.064788 0.623956 0.778769 -0.048400 0.000000 0.000000 0.000000 1.000000
0.994943 0.033975 -0.094525 -0.000000 -0.084500 0.791881 -0.604801 0.809000 0.054305 0.609730 0.790747 -0.048400 0.000000 0.000000 0.000000 1.000000
0.995323 0.054442 -0.079796 -0.000000 -0.090572 0.813166 -0.574941 0.809000 0.033586 0.579479 0.814294 -0.048400 0.000000 0.000000 0.000000 1.000000
0.995056 0.080875 -0.057649 0.000000 -0.099237 0.833219 -0.543965 0.809000 0.004041 0.546996 0.837125 -0.048400 0.000000 0.000000 0.000000 1.000000
0.993229 0.112186 -0.030163 0.000000 -0.111482 0.847432 -0.519068 0.809000 -0.032671 0.518916 0.854201 -0.048400 0.000000 0.000000 0.000000 1.000000
0.989314 0.145789 0.001828 -0.000000 -0.125567 0.858325 -0.497505 0.809000 -0.074099 0.491960 0.867459 -0.048400 0.000000 0.000000 0.000000 1.000000
0.983880 0.174563 0.038828 0.000000 -0.136106 0.871799 -0.470576 0.809000 -0.115996 0.457705 0.881505 -0.048400 0.000000 0.000000 0.000000 1.000000
0.977661 0.194402 0.079915 0.000000 -0.141693 0.890402 -0.432559 0.809000 -0.155247 0.411572 0.898057 -0.048400 0.000000 0.000000 0.000000 1.000000
0.970339 0.207757 0.123606 0.000000 -0.145910 0.910990 -0.385757 0.809000 -0.192748 0.356280 0.914283 -0.048400 0.000000 0.000000 0.000000 1.000000
0.961134 0.219039 0.168057 -0.000000 -0.152858 0.929104 -0.336749 0.809000 -0.229904 0.297972 0.926476 -0.048400 0.000000 0.000000 0.000000 1.000000
0.950196 0.230766 0.209464 0.000000 -0.164447 0.942173 -0.292004 0.809000 -0.264736 0.243016 0.933198 -0.048400 0.000000 0.000000 0.000000 1.000000
0.939921 0.240233 0.242563 0.000000 -0.176405 0.950071 -0.257384 0.809000 -0.292284 0.199131 0.935370 -0.048400 0.000000 0.000000 0.000000 1.000000
0.933342 0.243806 0.263498 0.000000 -0.182006 0.954045 -0.238061 0.809000 -0.309430 0.174234 0.934824 -0.048400 0.000000 0.000000 0.000000 1.000000
0.933010 0.234362 0.273069 0.000000 -0.171679 0.956812 -0.234601 0.809000 -0.316258 0.172005 0.932950 -0.048400 0.000000 0.000000 0.000000 1.000000
0.936166 0.219715 0.274442 0.000000 -0.151678 0.956680 -0.248508 0.809000 -0.317154 0.191018 0.928938 -0.048400 0.000000 0.000000 0.000000 1.000000
0.941276 0.203125 0.269705 0.000000 -0.124819 0.951549 -0.281025 0.809000 -0.313720 0.230857 0.921024 -0.048400 0.000000 0.000000 0.000000 1.000000
0.947842 0.185750 0.259022 0.000000 -0.093182 0.938622 -0.332123 0.809000 -0.304816 0.290663 0.906974 -0.048400 0.000000 0.000000 0.000000 1.000000
0.955868 0.162312 0.244889 0.000000 -0.055822 0.918689 -0.391017 0.809000 -0.288444 0.360090 0.887206 -0.048400 0.000000 0.000000 0.000000 1.000000
0.963536 0.131353 0.233119 0.000000 -0.015686 0.897447 -0.440843 0.809000 -0.267119 0.421111 0.866783 -0.048400 0.000000 0.000000 0.000000 1.000000
0.968547 0.100199 0.227765 0.000000 0.020603 0.879906 -0.474702 0.809000 -0.247976 0.464463 0.850166 -0.048400 0.000000 0.000000 0.000000 1.000000
0.970488 0.081363 0.227008 -0.000000 0.044426 0.864927 -0.499928 0.809000 -0.237020 0.495260 0.835787 -0.048400 0.000000 0.000000 0.000000 1.000000
0.970564 0.086715 0.224691 0.000000 0.045176 0.850827 -0.523501 0.809000 -0.236568 0.518242 0.821864 -0.048400 0.000000 0.000000 0.000000 1.000000
0.968775 0.120725 0.216567 -0.000000 0.015491 0.842278 -0.538821 0.809000 -0.247458 0.525351 0.814107 -0.048400 0.000000 0.000000 0.000000 1.000000
0.962671 0.174212 0.207157 0.000000 -0.038822 0.846296 -0.531296 0.809000 -0.267874 0.503421 0.821468 -0.048400 0.000000 0.000000 0.000000 1.000000
0.951250 0.228184 0.207497 0.000000 -0.099075 0.863195 -0.495054 0.809000 -0.292074 0.450362 0.843722 -0.048400 0.000000 0.000000 0.000000 1.000000
0.937283 0.268186 0.222658 0.000000 -0.148017 0.884549 -0.442339 0.809000 -0.315581 0.381640 0.868769 -0.048400 0.000000 0.000000 0.000000 1.000000
0.924805 0.292434 0.243347 0.000000 -0.180279 0.900127 -0.396573 0.809000 -0.335014 0.322883 0.885162 -0.048400 0.000000 0.000000 0.000000 1.000000
0.916979 0.307835 0.253745 0.000000 -0.200081 0.905154 -0.375052 0.809000 -0.345132 0.293145 0.891599 -0.048400 0.000000 0.000000 0.000000 1.000000
0.915216 0.319028 0.246172 -0.000000 -0.212576 0.901225 -0.377631 0.809000 -0.342331 0.293284 0.892633 -0.048400 0.000000 0.000000 0.000000 1.000000
0.917680 0.324244 0.229627 -0.000000 -0.217880 0.893970 -0.391594 0.809000 -0.332252 0.309327 0.891025 -0.048400 0.000000 0.000000 0.000000 1.000000
0.922277 0.320739 0.215712 0.000000 -0.214238 0.888683 -0.405394 0.809000 -0.321725 0.327672 0.888326 -0.048400 0.000000 0.000000 0.000000 1.000000
0.928096 0.308432 0.208585 0.000000 -0.200970 0.886545 -0.416712 0.809000 -0.313447 0.344830 0.884784 -0.048400 0.000000 0.000000 0.000000 1.000000
0.934990 0.291098 0.202621 0.000000 -0.181232 0.883199 -0.432568 0.809000 -0.304874 0.367726 0.878538 -0.048400 0.000000 0.000000 0.000000 1.000000
0.943059 0.272482 0.190771 0.000000 -0.158742 0.872689 -0.461753 0.809000 -0.292303 0.405177 0.866251 -0.048400 0.000000 0.000000 0.000000 1.000000
0.952264 0.252201 0.172012 -0.000000 -0.134452 0.852358 -0.505380 0.809000 -0.274073 0.458128 0.845578 -0.048400 0.000000 0.000000 0.000000 1.000000
0.962330 0.227224 0.149299 -0.000000 -0.108787 0.825056 -0.554480 0.809000 -0.249172 0.517350 0.818695 -0.048400 0.000000 0.000000 0.000000 1.000000
0.972545 0.195882 0.125642 -0.000000 -0.083875 0.798660 -0.595909 0.809000 -0.217073 0.569010 0.793163 -0.048400 0.000000 0.000000 0.000000 1.000000
0.981348 0.161338 0.104528 -0.000000 -0.062529 0.782058 -0.620061 0.809000 -0.181786 0.601960 0.777559 -0.048400 0.000000 0.000000 0.000000 1.000000
0.987260 0.131599 0.089435 0.000000 -0.047187 0.778956 -0.625300 0.809000 -0.151955 0.613114 0.775243 -0.048400 0.000000 0.000000 0.000000 1.000000
0.990170 0.112322 0.083349 -0.000000 -0.037047 0.785238 -0.618084 0.809000 -0.134873 0.608921 0.781681 -0.048400 0.000000 0.000000 0.000000 1.000000
0.991069 0.102199 0.085656 0.000000 -0.029066 0.792468 -0.609221 0.809000 -0.130142 0.601290 0.788361 -0.048400 0.000000 0.000000 0.000000 1.000000
0.990784 0.093396 0.098103 0.000000 -0.014787 0.794523 -0.607055 0.809000 -0.134642 0.600009 0.788581 -0.048400 0.000000 0.000000 0.000000 1.000000
0.989985 0.083082 0.114141 -0.000000 0.004908 0.787754 -0.615971 0.809000 -0.141091 0.610362 0.779456 -0.048400 0.000000 0.000000 0.000000 1.000000
0.988936 0.074966 0.128005 0.000000 0.024003 0.770667 -0.636786 0.809000 -0.146387 0.632813 0.760341 -0.048400 0.000000 0.000000 0.000000 1.000000
0.987968 0.073894 0.135866 -0.000000 0.035295 0.747575 -0.663239 0.809000 -0.150579 0.660054 0.735972 -0.048400 0.000000 0.000000 0.000000 1.000000
0.987693 0.073752 0.137921 -0.000000 0.040271 0.732184 -0.679916 0.809000 -0.151129 0.677103 0.720203 -0.048400 0.000000 0.000000 0.000000 1.000000
0.989438 0.055664 0.133841 0.000000 0.049709 0.737046 -0.674012 0.809000 -0.136165 0.673547 0.726494 -0.048400 0.000000 0.000000 0.000000 1.000000
0.992792 0.006502 0.119670 0.000000 0.073237 0.757482 -0.648735 0.809000 -0.094866 0.652824 0.751546 -0.048400 0.000000 0.000000 0.000000 1.000000
0.993567 -0.061651 0.094993 0.000000 0.107491 0.777414 -0.619736 0.809000 -0.035641 0.625960 0.779040 -0.048400 0.000000 0.000000 0.000000 1.000000
0.990981 -0.116407 0.066370 -0.000000 0.132871 0.789495 -0.599202 0.809000 0.017352 0.602617 0.797842 -0.048400 0.000000 0.000000 0.000000 1.000000
0.989277 -0.136325 0.052415 0.000000 0.140940 0.796905 -0.587433 0.809000 0.038313 0.588521 0.807573 -0.048400 0.000000 0.000000 0.000000 1.000000
0.990386 -0.125053 0.059133 -0.000000 0.136045 0.803190 -0.579980 0.809000 0.025034 0.582449 0.812481 -0.048400 0.000000 0.000000 0.000000 1.000000
0.991639 -0.106505 0.072859 -0.000000 0.129022 0.808377 -0.574352 0.809000 0.002274 0.578950 0.815360 -0.048400 0.000000 0.000000 0.000000 1.000000
0.992436 -0.100027 0.071174 0.000000 0.122754 0.816062 -0.564778 0.809000 -0.001589 0.569242 0.822168 -0.048400 0.000000 0.000000 0.000000 1.000000
0.993488 -0.105122 0.043947 0.000000 0.112030 0.830975 -0.544913 0.809000 0.020763 0.546288 0.837340 -0.048400 0.000000 0.000000 0.000000 1.000000
0.993992 -0.109450 0.000878 0.000000 0.094187 0.851232 -0.516268 0.809000 0.055758 0.513249 0.856427 -0.048400 0.000000 0.000000 0.000000 1.000000
0.993250 -0.108095 -0.042058 -0.000000 0.074495 0.872439 -0.483012 0.809000 0.088904 0.476619 0.874603 -0.048400 0.000000 0.000000 0.000000 1.000000
0.991071 -0.105951 -0.080954 0.000000 0.059014 0.892971 -0.446228 0.809000 0.119568 0.437466 0.891250 -0.048400 0.000000 0.000000 0.000000 1.000000
0.987020 -0.106988 -0.119774 0.000000 0.049787 0.912889 -0.405161 0.809000 0.152688 0.393939 0.906366 -0.048400 0.000000 0.000000 0.000000 1.000000
0.980944 -0.112766 -0.158218 0.000000 0.048801 0.931230 -0.361149 0.809000 0.188063 0.346546 0.918988 -0.048400 0.000000 0.000000 0.000000 1.000000
0.974416 -0.124702 -0.186983 0.000000 0.058081 0.943410 -0.326504 0.809000 0.217118 0.307290 0.926516 -0.048400 0.000000 0.000000 0.000000 1.000000
0.967761 -0.141739 -0.208202 0.000000 0.074783 0.951052 -0.299847 0.809000 0.240511 0.274610 0.930991 -0.048400 0.000000 0.000000 0.000000 1.000000</float_array><technique_common><accessor source="#mixamorig_Spine-Matrix-animation-output-transform-array" count="104" stride="16"><param type="float4x4"/></accessor></technique_common></source><source id="mixamorig_Spine-Interpolations"><Name_array id="mixamorig_Spine-Interpolations-array" count="104">
 LINEAR LINEAR LINEAR LINEAR LINEAR LINEAR LINEAR LINEAR LINEAR LINEAR LINEAR
LINEAR LINEAR LINEAR LINEAR LINEAR LINEAR LINEAR LINEAR LINEAR LINEAR LINEAR LINEAR
LINEAR LINEAR LINEAR LINEAR LINEAR LINEAR LINEAR LINEAR LINEAR LINEAR LINEAR LINEAR
LINEAR LINEAR LINEAR LINEAR LINEAR LINEAR LINEAR LINEAR LINEAR LINEAR LINEAR LINEAR
LINEAR LINEAR LINEAR LINEAR LINEAR LINEAR LINEAR LINEAR LINEAR LINEAR LINEAR LINEAR
LINEAR LINEAR LINEAR LINEAR LINEAR LINEAR LINEAR LINEAR LINEAR LINEAR LINEAR LINEAR
LINEAR LINEAR LINEAR LINEAR LINEAR LINEAR LINEAR LINEAR LINEAR LINEAR LINEAR LINEAR
LINEAR LINEAR LINEAR LINEAR LINEAR LINEAR LINEAR LINEAR LINEAR LINEAR LINEAR LINEAR
LINEAR LINEAR LINEAR LINEAR LINEAR LINEAR LINEAR LINEAR LINEAR</Name_array><technique_common><accessor source="#mixamorig_Spine-Interpolations-array" count="104"><param type="name"/></accessor></technique_common></source><sampler id="mixamorig_Spine-Matrix-animation-transform"><input semantic="INPUT" source="#mixamorig_Spine-Matrix-animation-input"/><input semantic="OUTPUT" source="#mixamorig_Spine-Matrix-animation-output-transform"/><input semantic="INTERPOLATION" source="#mixamorig_Spine-Interpolations"/></sampler><channel source="#mixamorig_Spine-Matrix-animation-transform" target="mixamorig_Spine/matrix"/></animation>
    <animation id="mixamorig_Spine1-anim" name="mixamorig_Spine1"><source id="mixamorig_Spine1-Matrix-animation-input"><float_array id="mixamorig_Spine1-Matrix-animation-input-array" count="104">

0.000000 0.033333 0.066667 0.100000 0.133333 0.166667 0.200000 0.233333 0.266667 0.300000 0.333333 0.366667 0.400000 0.433333 0.466667 0.500000
0.533333 0.566667 0.600000 0.633333 0.666667 0.700000 0.733333 0.766667 0.800000 0.833333 0.866667 0.900000 0.933333 0.966667 1.000000 1.033333
1.066667 1.100000 1.133333 1.166667 1.200000 1.233333 1.266667 1.300000 1.333333 1.366667 1.400000 1.433333 1.466667 1.500000 1.533333 1.566667
1.600000 1.633333 1.666667 1.700000 1.733333 1.766667 1.800000 1.833333 1.866667 1.900000 1.933333 1.966667 2.000000 2.033333 2.066667 2.100000
2.133333 2.166667 2.200000 2.233333 2.266667 2.300000 2.333333 2.366667 2.400000 2.433333 2.466667 2.500000 2.533333 2.566667 2.600000 2.633333
2.666667 2.700000 2.733333 2.766667 2.800000 2.833333 2.866667 2.900000 2.933333 2.966667 3.000000 3.033333 3.066667 3.100000 3.133333 3.166667
3.200000 3.233333 3.266667 3.300000 3.333333 3.366667 3.400000 3.433333</float_array><technique_common><accessor source="#mixamorig_Spine1-Matrix-animation-input-array" count="104"><param name="TIME" type="float"/></accessor></technique_common></source><source id="mixamorig_Spine1-Matrix-animation-output-transform"><float_array id="mixamorig_Spine1-Matrix-animation-output-transform-array" count="1664">

0.998973 -0.031496 -0.032578 0.000000 0.032107 0.999315 0.018391 0.945500 0.031976 -0.019418 0.999300 0.000000 0.000000 0.000000 0.000000 1.000000
0.998061 -0.046208 -0.041702 -0.000000 0.047414 0.998471 0.028405 0.945500 0.040326 -0.030327 0.998726 0.000000 0.000000 0.000000 0.000000 1.000000
0.997235 -0.057343 -0.047268 0.000000 0.058510 0.998005 0.023705 0.945500 0.045814 -0.026405 0.998601 0.000000 0.000000 0.000000 0.000000 1.000000
0.996707 -0.064581 -0.049040 0.000000 0.064810 0.997893 0.003081 0.945500 0.048737 -0.006249 0.998792 0.000000 0.000000 0.000000 0.000000 1.000000
0.996375 -0.069004 -0.049747 0.000000 0.068055 0.997470 -0.020543 0.945500 0.051039 0.017083 0.998551 0.000000 0.000000 0.000000 0.000000 1.000000
0.996128 -0.070909 -0.051971 0.000000 0.069558 0.997202 -0.027369 0.945500 0.053766 0.023648 0.998273 0.000000 0.000000 0.000000 0.000000 1.000000
0.996271 -0.067717 -0.053459 0.000000 0.066536 0.997505 -0.023577 0.945500 0.054922 0.019932 0.998292 0.000000 0.000000 0.000000 0.000000 1.000000
